2268 4032
32
1295 597 18 598
18 1939 18 803
288 2262 18 1939
288 2262 1295 1996
1295 1996 1202 598
1202 598 796 598
796 598 0 763
0 763 18 803
304 2036 393 2036
393 2036 393 2125
393 2125 304 2125
211 871 1106 734
1106 734 1170 1532
1170 1532 304 1702
304 1702 211 871
292 920 1025 847
1025 847 1069 1452
1069 1452 364 1593
363 1593 292 920
364 1593 304 1702
211 871 292 920
1106 734 1025 847
1170 1532 1069 1452
505 2278 828 2850
828 2850 2149 2477
2149 2477 1831 2036
1831 2036 505 2278
505 2278 505 2403
505 2403 796 2959
796 2959 2242 2536
2242 2536 1847 1996
1847 1996 505 2278
